   1.0000000e+03
   1.1000000e+03
   1.1000000e+03
   1.1000000e+03
   1.2000000e+03
   1.2000000e+03
   1.3000000e+03
   1.3000000e+03
   1.3000000e+03
   1.4000000e+03
   1.4000000e+03
   1.4000000e+03
   1.4000000e+03
   1.5000000e+03
   1.5000000e+03
   1.6000000e+03
   1.6000000e+03
   1.6000000e+03
   1.7000000e+03
   1.7000000e+03
   1.8000000e+03
   1.8000000e+03
   1.9000000e+03
   1.9000000e+03
   1.9000000e+03
   2.0000000e+03
   2.0000000e+03
   2.1000000e+03
   2.1000000e+03
   2.2000000e+03
   2.3000000e+03
