   2.1000000e+02
   2.5000000e+02
   2.6500000e+02
   2.4000000e+02
   2.9000000e+02
   3.0000000e+02
   3.2000000e+02
   3.2500000e+02
   3.2200000e+02
   3.8000000e+02
   3.6000000e+02
   3.9500000e+02
   4.1000000e+02
   5.9000000e+02
   6.1500000e+02
   7.0000000e+02
   6.9500000e+02
   7.2000000e+02
   7.9500000e+02
   8.1200000e+02
   8.8000000e+02
   8.7200000e+02
   9.5000000e+02
   9.6700000e+02
   9.8800000e+02
   1.0600000e+03
   1.0900000e+03
   1.1900000e+03
   1.1980000e+03
   1.3500000e+03
   1.5500000e+03
